#MapFile
268
5
#MNI_X MNI_Y MNI_Z attrib1 ... attribN
13.9 56.8 -16.6 1 1 5 11 2 
9.6 17.8 -19.5 1 1 13 11 8 
5.1 34.9 -17.4 1 1 13 11 3 
15.6 34.1 -22.6 1 1 13 11 2 
8.2 45.9 -1.7 1 2 5 10 3 
14.6 64.7 3.6 1 2 5 10 3 
30.5 54.9 -3.5 1 2 8 10 2 
44.6 46.2 -4.9 1 2 8 10 2 
28.9 51.1 18.7 1 2 9 10 2 
8.4 53.3 23.9 1 3 5 9 1 
37.6 35.4 31.1 1 3 9 9 8 
14.3 36.9 48.9 1 4 5 8 1 
23.9 30.7 36.4 1 4 5 8 3 
40.7 14.5 48.2 1 4 8 8 2 
6.7 21.4 31.5 1 4 9 8 8 
53.6 24.8 0.9 1 5 11 47 1 
33.4 37.3 -16.4 1 5 13 47 2 
26.6 19.6 -21.3 1 5 13 47 8 
48.3 35.7 15.1 1 6 8 46 2 
37.0 20.8 5.9 1 7 9 45 8 
55.4 9.6 22.2 1 8 8 44 2 
40.0 17.6 29.2 1 8 8 44 2 
57.8 -8.3 27.3 2 12 1 4 4 
6.0 -22.3 65.6 2 13 1 6 4 
7.0 -8.1 52.9 2 13 1 6 4 
26.3 -12.9 66.2 2 13 1 6 4 
49.2 -4.5 48.1 2 13 1 6 4 
6.1 14.0 48.7 2 13 3 6 8 
13.7 6.3 65.4 2 13 3 6 8 
25.2 12.4 49.4 2 13 8 6 2 
39.7 3.4 34.0 2 13 8 6 2 
32.0 -5.4 52.1 2 13 12 6 8 
42.0 -23.4 53.4 2 23 1 1 4 
41.8 5.0 -7.6 3 9 3 13 4 
41.4 3.5 7.2 3 9 3 13 4 
37.5 21.1 -10.1 3 9 9 13 8 
38.3 -12.5 -1.1 3 9 10 13 4 
32.4 -39.2 49.6 4 23 1 1 4 
20.0 -33.2 69.8 4 23 1 1 4 
43.3 -10.8 13.9 4 23 1 1 4 
25.2 -52.4 68.1 4 26 1 7 7 
14.8 -68.4 34.9 4 26 5 7 5 
31.6 -60.8 49.2 4 26 8 7 7 
7.5 -57.3 61.8 4 26 12 7 8 
52.8 -27.2 40.9 4 27 1 40 4 
58.0 -29.3 19.5 4 27 4 40 4 
54.2 -45.2 36.9 4 27 9 40 2 
47.8 -61.6 34.7 4 28 5 39 2 
41.4 -75.3 28.0 4 28 5 39 3 
48.9 -58.1 14.4 4 28 12 39 3 
27.2 11.6 -39.2 5 14 5 38 4 
40.0 18.9 -34.2 5 14 5 38 1 
52.8 10.9 -21.8 5 14 5 38 1 
50.0 -33.8 -0.7 5 15 11 21 1 
61.3 -22.9 -22.4 5 15 13 21 2 
54.5 -7.7 -31.5 5 16 13 20 1 
46.8 4.0 -39.8 5 16 13 20 1 
40.3 -11.3 -35.8 5 16 13 20 4 
43.4 -26.5 -24.6 5 16 13 20 7 
31.5 0.7 -44.4 5 16 13 20 4 
59.2 -3.4 2.7 5 17 4 41 4 
39.9 -25.6 14.4 5 17 4 41 4 
61.8 -23.8 -2.8 5 19 5 22 4 
56.5 -8.5 -14.3 5 19 5 22 1 
59.3 -43.8 8.5 5 19 11 22 1 
46.5 -59.9 -14.8 5 22 7 37 7 
36.4 -69.1 -17.5 5 22 7 37 7 
25.2 -44.6 -12.2 5 22 7 37 5 
55.2 -56.3 -4.8 5 22 8 37 7 
60.8 -43.3 -17.6 5 22 8 37 2 
41.6 -45.7 -22.6 5 22 13 37 7 
21.0 -63.7 -9.0 6 39 7 19 5 
30.1 -82.9 20.5 6 39 7 19 7 
45.1 -74.3 2.6 6 39 7 19 7 
18.9 -81.8 41.5 6 39 7 19 5 
17.9 -83.4 -11.3 6 40 7 18 6 
7.7 -75.0 25.0 6 40 7 18 5 
23.7 -96.0 6.5 6 40 7 18 6 
7.0 -75.7 -2.8 6 40 7 18 5 
7.8 -88.6 11.9 6 40 7 18 5 
31.2 -91.8 -10.8 6 40 13 18 6 
14.6 -68.3 8.3 6 41 7 17 5 
7.8 34.7 17.1 7 31 5 32 8 
5.3 -1.0 35.6 7 32 1 24 4 
5.1 -38.9 27.0 7 33 5 23 3 
12.3 -57.2 18.1 7 33 5 23 3 
28.4 -53.8 7.1 7 33 7 23 5 
7.0 -18.8 29.8 7 33 13 23 8 
7.8 -23.1 44.9 7 34 1 31 4 
6.2 -57.4 38.2 7 34 5 31 3 
8.3 -39.9 48.1 7 34 9 31 8 
31.2 3.7 -21.6 7 36 13 53 4 
28.8 -36.9 -0.0 7 37 5 54 9 
35.6 -14.7 -18.4 7 37 13 54 9 
28.0 -28.4 -13.7 7 38 5 36 9 
29.3 -19.6 -26.3 7 38 13 36 3 
24.6 -2.6 -30.7 7 38 13 36 4 
14.6 -46.1 2.8 7 40 7 18 5 
19.3 -7.7 -14.8 7 49 13 58 9 
32.2 -78.5 -40.4 8 48 5 57 6 
6.1 -50.7 -12.3 8 48 7 57 10
39.1 -74.9 -29.7 8 48 13 57 6 
13.7 -40.1 -25.4 8 48 13 57 10
23.5 -35.9 -43.0 8 48 13 57 10
6.9 -67.9 -37.8 8 48 13 57 10
7.1 -69.0 -20.9 8 48 13 57 10
46.0 -46.5 -42.4 8 48 13 57 10
16.2 -47.2 -52.3 8 48 13 57 10
23.4 -59.3 -52.1 8 48 13 57 4 
21.1 -54.8 -23.8 8 48 13 57 8 
11.7 -84.1 -34.6 8 48 13 57 2 
19.6 -73.5 -50.0 8 48 13 57 2 
36.7 -57.1 -32.8 8 48 13 57 10
23.0 -71.8 -29.1 8 48 13 57 10
7.6 -56.7 -50.8 8 48 13 57 3 
41.9 -64.0 -49.2 8 48 13 57 2 
7.1 -53.7 -34.4 8 48 13 57 10
33.8 -47.2 -53.9 8 48 13 57 10
30.4 -36.4 -31.1 8 48 13 57 8 
21.2 -36.4 22.6 9 0 5 0 9 
12.7 12.9 11.5 9 42 10 48 9 
13.7 -4.2 20.9 9 42 10 48 9 
12.6 20.2 -0.7 9 42 10 48 9 
26.6 6.3 0.1 9 43 10 49 9 
14.0 8.3 -9.5 9 43 10 49 9 
10.5 -26.8 -2.2 9 44 10 50 9 
12.3 -27.7 13.5 9 44 10 50 9 
5.5 -9.7 5.2 9 44 10 50 9 
4.7 -37.2 -53.0 10 49 13 58 10
9.7 -18.7 -30.7 10 49 13 58 10
6.0 -22.2 -42.3 10 49 13 58 10
6.3 -24.9 -17.5 10 49 13 58 10
7.5 -34.2 -37.3 10 49 13 58 10
-5.4 29.1 -10.1 11 1 5 11 3 
-18.2 19.0 -21.0 11 1 13 11 8 
-5.8 18.2 -21.6 11 1 13 11 8 
-8.2 39.7 -21.4 11 1 13 11 1 
-6.9 48.3 -5.7 11 2 5 10 3 
-18.2 57.0 -14.3 11 2 5 10 2 
-6.0 48.1 11.7 11 2 5 10 1 
-11.7 65.1 4.2 11 2 5 10 3 
-29.2 54.3 2.5 11 2 8 10 2 
-42.7 47.3 -6.9 11 2 8 10 2 
-28.8 50.1 21.7 11 2 9 10 8 
-10.1 55.7 30.2 11 3 5 9 1 
-27.3 34.1 36.4 11 3 5 9 8 
-46.1 28.2 26.8 11 3 8 9 2 
-11.2 34.3 51.5 11 4 5 8 1 
-39.3 17.2 46.7 11 4 5 8 1 
-5.0 17.7 46.1 11 4 9 8 1 
-46.2 28.2 -7.1 11 5 5 47 1 
-28.4 36.0 -15.6 11 5 13 47 8 
-32.0 20.5 -16.0 11 5 13 47 1 
-43.0 42.0 11.0 11 6 8 46 2 
-32.5 22.1 5.8 11 7 9 45 8 
-53.1 18.4 10.6 11 8 8 44 1 
-46.2 7.9 28.6 11 13 8 6 2 
-41.6 -14.7 44.8 12 12 1 4 4 
-58.1 -5.6 27.2 12 13 1 6 4 
-16.2 -19.2 69.5 12 13 1 6 4 
-6.5 -4.3 47.6 12 13 3 6 4 
-9.1 0.4 66.5 12 13 3 6 1 
-57.0 -3.4 6.8 12 13 4 6 4 
-23.2 10.7 53.6 12 13 8 6 2 
-45.8 -0.4 49.3 12 13 8 6 1 
-27.6 -9.1 55.9 12 13 12 6 4 
-35.9 -23.3 65.6 12 23 1 1 4 
-39.1 1.7 9.5 13 9 3 13 4 
-38.7 8.1 -4.8 13 9 3 13 8 
-37.7 -12.9 -1.4 13 9 10 13 4 
-50.6 -23.8 41.4 14 23 1 1 4 
-23.5 -31.6 63.6 14 23 1 1 4 
-41.2 -15.6 14.5 14 23 4 1 4 
-7.4 -34.1 67.5 14 26 1 7 4 
-25.4 -54.7 64.0 14 26 1 7 7 
-9.5 -71.0 31.9 14 26 7 7 5 
-28.4 -62.3 40.4 14 26 12 7 7 
-9.8 -66.3 55.1 14 26 13 7 8 
-35.7 -39.3 47.7 14 27 1 40 4 
-42.2 -31.2 15.9 14 27 4 40 4 
-59.5 -25.9 21.9 14 27 4 40 4 
-42.0 -65.6 41.7 14 28 5 39 2 
-51.4 -56.3 20.5 14 28 5 39 1 
-53.4 -43.5 38.8 14 28 8 39 2 
-38.0 6.1 -37.9 15 14 5 38 1 
-34.6 18.6 -32.2 15 14 5 38 1 
-49.5 11.1 -30.6 15 14 5 38 1 
-49.7 6.4 -15.2 15 14 5 38 4 
-22.9 9.0 -38.8 15 14 13 38 4 
-57.6 -6.4 -22.7 15 15 5 21 1 
-59.0 -30.0 3.5 15 15 5 21 4 
-57.8 -47.5 5.2 15 15 11 21 1 
-59.8 -27.4 -18.1 15 15 13 21 2 
-49.3 -4.7 -37.4 15 16 13 20 1 
-37.8 -13.2 -29.3 15 16 13 20 4 
-51.8 -18.2 -28.8 15 16 13 20 2 
-57.0 -14.5 -6.9 15 19 5 22 4 
-26.7 -42.7 -16.1 15 22 5 37 5 
-60.3 -50.0 -14.0 15 22 13 37 2 
-42.6 -52.1 -17.4 15 22 13 37 7 
-46.7 -40.0 -24.3 15 22 13 37 7 
-30.0 -5.8 -40.9 15 38 13 36 4 
-41.2 -75.4 22.8 16 39 5 19 3 
-31.6 -87.2 12.5 16 39 7 19 7 
-17.0 -50.7 0.8 16 39 7 19 5 
-43.2 -70.4 -13.8 16 39 7 19 7 
-25.9 -63.1 -12.3 16 39 7 19 5 
-16.8 -84.9 33.0 16 39 7 19 5 
-48.3 -67.4 1.1 16 39 12 19 7 
-36.0 -84.2 -3.9 16 40 7 18 7 
-8.9 -70.7 -1.7 16 40 7 18 5 
-10.8 -98.1 7.6 16 40 7 18 6 
-14.7 -84.0 -13.1 16 40 13 18 6 
-22.3 -96.6 -10.1 16 40 13 18 6 
-6.0 -81.2 12.2 16 41 7 17 5 
-22.1 -66.7 7.4 16 41 7 17 5 
-23.6 -41.3 19.9 17 0 4 0 9 
-7.8 -22.4 46.0 17 13 1 6 4 
-6.0 34.1 26.3 17 31 5 32 1 
-3.8 -5.0 32.6 17 32 3 24 8 
-5.1 13.2 28.7 17 32 3 24 8 
-8.6 -58.8 17.6 17 33 5 23 3 
-5.0 -36.0 32.0 17 33 13 23 3 
-7.4 -18.2 30.0 17 33 13 23 8 
-6.5 -53.9 37.4 17 34 5 31 3 
-8.8 -42.6 50.1 17 34 5 31 8 
-7.5 -42.1 13.3 17 35 5 30 3 
-26.8 2.4 -18.7 17 36 13 53 4 
-21.5 -36.9 5.7 17 37 5 54 9 
-32.1 -40.2 -4.0 17 37 5 54 9 
-22.7 -12.8 -17.4 17 37 13 54 9 
-35.7 -24.8 -14.9 17 37 13 54 9 
-20.7 -30.8 -11.1 17 38 5 36 9 
-30.5 -23.9 -26.6 17 38 13 36 9 
-21.4 -4.1 -29.4 17 38 13 36 4 
-6.5 -66.2 -37.7 18 48 13 57 10
-8.7 -50.6 -39.6 18 48 13 57 10
-37.0 -52.9 -31.1 18 48 13 57 10
-8.7 -55.2 -52.1 18 48 13 57 3 
-21.2 -70.0 -48.9 18 48 13 57 7 
-40.3 -74.2 -29.1 18 48 13 57 6 
-30.2 -80.2 -40.3 18 48 13 57 2 
-19.3 -46.4 -53.2 18 48 13 57 10
-6.5 -50.2 -11.4 18 48 13 57 8 
-27.8 -36.0 -30.9 18 48 13 57 8 
-42.6 -63.7 -46.3 18 48 13 57 2 
-10.3 -81.7 -32.3 18 48 13 57 2 
-8.0 -68.4 -19.9 18 48 13 57 10
-34.6 -50.3 -54.0 18 48 13 57 10
-22.7 -57.9 -48.8 18 48 13 57 10
-10.3 -37.7 -25.1 18 48 13 57 8 
-46.4 -46.8 -42.9 18 48 13 57 10
-26.3 -69.5 -30.6 18 48 13 57 10
-21.2 -53.4 -23.6 18 48 13 57 10
-6.6 -54.7 -26.3 18 48 13 57 10
-24.3 -37.8 -44.3 18 48 13 57 10
-10.8 23.9 9.6 19 0 9 0 9 
-12.5 11.6 8.7 19 42 10 48 9 
-10.4 10.9 -8.1 19 42 10 48 9 
-14.6 -3.5 21.1 19 42 10 48 9 
-24.8 5.6 -0.1 19 43 10 49 9 
-9.6 -25.4 -1.4 19 44 10 50 9 
-4.9 -10.3 5.8 19 44 10 50 9 
-11.6 -25.6 14.8 19 44 10 50 9 
-5.0 -21.5 -15.8 20 49 10 58 9 
-4.5 -38.0 -53.1 20 49 13 58 10
-7.2 -33.0 -39.4 20 49 13 58 10
-6.1 -18.9 -36.8 20 49 13 58 10
# Description
X. Shen et al. Neuroimage 2013

